0.4,0.244560946333,0.149525141178,0.0914200250678,0.0558944196109,0.0341739803869,0.0208940524585,0.0127746731049,0.0078104653591,0.0047753369988,0.00291965233872,0.0017850823473,0.00109140357034,0.000667286724986,0.000407980682345,0.0002494403544,0.000152508422814,9.32440105179e-05,5.70096086304e-05,3.48558095918e-05,0.244560946333,0.199471521032,0.133129069123,0.0844047718326,0.0526094930294,0.0325490097713,0.0200603530524,0.0123357208006,0.00757485140685,0.00464696844252,0.00284887944997,0.00174568482173,0.00106929549351,0.000654796604133,0.000400883456567,0.000245387356251,0.000150183790112,9.19055789306e-05,5.6236369316e-05,3.44077356138e-05,0.149525141178,0.133129069123,0.099472219257,0.067865874231,0.0443083726138,0.0282745883189,0.0178104137703,0.0111300703006,0.00691939689203,0.00428640623377,0.00264859509274,0.00163352020717,0.00100604441147,0.000618916382417,0.000380425019177,0.000233669755788,0.000143445934589,8.80175638641e-05,5.39857892645e-05,3.31013154808e-05,0.0914200250678,0.0844047718326,0.067865874231,0.0496046871891,0.0341739803869,0.0227061591265,0.0147468310011,0.00943573596061,0.00597637803329,0.00375820977632,0.00235098348467,0.00146492120439,0.000910064906397,0.000564037707504,0.000348923207773,0.000215522868885,0.00013295890464,8.19396489017e-05,5.04540152013e-05,3.10441649917e-05,0.0558944196109,0.0526094930294,0.0443083726138,0.0341739803869,0.0247368060098,0.0171350731146,0.0115144422128,0.00757485140685,0.00490807970922,0.00314503968534,0.0019986308615,0.00126206868864,0.000793027096673,0.000496357451638,0.00030969616224,0.000192736867057,0.000119695133374,7.42033443586e-05,4.59331960022e-05,2.83976901561e-05,0.0341739803869,0.0325490097713,0.0282745883189,0.0227061591265,0.0171350731146,0.0123357208006,0.00857474887202,0.00580732769438,0.00385721658014,0.0025244280387,0.00163352020717,0.00104770905502,0.000667286724986,0.000422611278725,0.000266430654745,0.00016733817788,0.000104773089139,6.54284784461e-05,4.07681571016e-05,2.53544317066e-05,0.0208940524585,0.0200603530524,0.0178104137703,0.0147468310011,0.0115144422128,0.00857474887202,0.00615156247781,0.00428640623377,0.00291965233872,0.00195359421764,0.0012889241557,0.000840903993334,0.000543672561436,0.000348923207773,0.000222582782796,0.000141276162026,8.92927359919e-05,5.6236369316e-05,3.5310351807e-05,2.21135219479e-05,0.0127746731049,0.0123357208006,0.0111300703006,0.00943573596061,0.00757485140685,0.00580732769438,0.00428640623377,0.00306765381043,0.00214134215407,0.00146492120439,0.000985938976915,0.000654796604133,0.000430151461744,0.000280038440279,0.000180946555029,0.000116183485192,7.42033443586e-05,4.71771601879e-05,2.98779733453e-05,1.88587899261e-05,0.0078104653591,0.00757485140685,0.00691939689203,0.00597637803329,0.00490807970922,0.00385721658014,0.00291965233872,0.00214134215407,0.00152977392891,0.00106929549351,0.000734026826606,0.000496357451638,0.000331455948683,0.000219020594681,0.000143445934589,9.32440105179e-05,6.02231160801e-05,3.86821814318e-05,2.4728186556e-05,1.57427507122e-05,0.0047753369988,0.00464696844252,0.00428640623377,0.00375820977632,0.00314503968534,0.0025244280387,0.00195359421764,0.00146492120439,0.00106929549351,0.000762865831089,0.000533808304903,0.000367449534282,0.0002494403544,0.00016733817788,0.000111130798601,7.31662924531e-05,4.78131367312e-05,3.10441649917e-05,2.00436184585e-05,1.2877893686e-05,0.00291965233872,0.00284887944997,0.00264859509274,0.00235098348467,0.0019986308615,0.00163352020717,0.0012889241557,0.000985938976915,0.000734026826606,0.000533808304903,0.000380425019177,0.000266430654745,0.000183815795546,0.000125188405731,8.43126373749e-05,5.6236369316e-05,3.71952993653e-05,2.44214788989e-05,1.59318423065e-05,1.03349549456e-05,0.0017850823473,0.00174568482173,0.00163352020717,0.00146492120439,0.00126206868864,0.00104770905502,0.000840903993334,0.000654796604133,0.000496357451638,0.000367449534282,0.000266430654745,0.000189709893034,0.00013295890464,9.19055789306e-05,6.27657077393e-05,4.24145222343e-05,2.83976901561e-05,1.88587899261e-05,1.24344202795e-05,8.14664848011e-06,0.00109140357034,0.00106929549351,0.00100604441147,0.000910064906397,0.000793027096673,0.000667286724986,0.000543672561436,0.000430151461744,0.000331455948683,0.0002494403544,0.000183815795546,0.00013295890464,9.4604302296e-05,6.63438633692e-05,4.59331960022e-05,3.14440083549e-05,2.13109244474e-05,1.43157885001e-05,9.54132591802e-06,6.31479276783e-06,0.000667286724986,0.000654796604133,0.000618916382417,0.000564037707504,0.000496357451638,0.000422611278725,0.000348923207773,0.000280038440279,0.000219020594681,0.00016733817788,0.000125188405731,9.19055789306e-05,6.63438633692e-05,4.71771601879e-05,3.31013154808e-05,2.29495578696e-05,1.57427507122e-05,1.06969646435e-05,7.20695835123e-06,4.81882066976e-06,0.000407980682345,0.000400883456567,0.000380425019177,0.000348923207773,0.00030969616224,0.000266430654745,0.000222582782796,0.000180946555029,0.000143445934589,0.000111130798601,8.43126373749e-05,6.27657077393e-05,4.59331960022e-05,3.31013154808e-05,2.35262497516e-05,1.65142531943e-05,1.1463365552e-05,7.87776140368e-06,5.36498533765e-06,3.62408877547e-06,0.0002494403544,0.000245387356251,0.000233669755788,0.000215522868885,0.000192736867057,0.00016733817788,0.000141276162026,0.000116183485192,9.32440105179e-05,7.31662924531e-05,5.6236369316e-05,4.24145222343e-05,3.14440083549e-05,2.29495578696e-05,1.65142531943e-05,1.17320420553e-05,8.23849287732e-06,5.72480405192e-06,3.94043571379e-06,2.68897716211e-06,0.000152508422814,0.000150183790112,0.000143445934589,0.00013295890464,0.000119695133374,0.000104773089139,8.92927359919e-05,7.42033443586e-05,6.02231160801e-05,4.78131367312e-05,3.71952993653e-05,2.83976901561e-05,2.13109244474e-05,1.57427507122e-05,1.1463365552e-05,8.23849287732e-06,5.85052068397e-06,4.10975812594e-06,2.85848213111e-06,1.97031485586e-06,9.32440105179e-05,9.19055789306e-05,8.80175638641e-05,8.19396489017e-05,7.42033443586e-05,6.54284784461e-05,5.6236369316e-05,4.71771601879e-05,3.86821814318e-05,3.10441649917e-05,2.44214788989e-05,1.88587899261e-05,1.43157885001e-05,1.06969646435e-05,7.87776140368e-06,5.72480405192e-06,4.10975812594e-06,2.91753064915e-06,2.05006626578e-06,1.42708203225e-06,5.70096086304e-05,5.6236369316e-05,5.39857892645e-05,5.04540152013e-05,4.59331960022e-05,4.07681571016e-05,3.5310351807e-05,2.98779733453e-05,2.4728186556e-05,2.00436184585e-05,1.59318423065e-05,1.24344202795e-05,9.54132591802e-06,7.20695835123e-06,5.36498533765e-06,3.94043571379e-06,2.85848213111e-06,2.05006626578e-06,1.45491069061e-06,1.02259911175e-06,3.48558095918e-05,3.44077356138e-05,3.31013154808e-05,3.10441649917e-05,2.83976901561e-05,2.53544317066e-05,2.21135219479e-05,1.88587899261e-05,1.57427507122e-05,1.2877893686e-05,1.03349549456e-05,8.14664848011e-06,6.31479276783e-06,4.81882066976e-06,3.62408877547e-06,2.68897716211e-06,1.97031485586e-06,1.42708203225e-06,1.02259911175e-06,7.25533121053e-07
0.244560946333,0.4,0.244560946333,0.149525141178,0.0914200250678,0.0558944196109,0.0341739803869,0.0208940524585,0.0127746731049,0.0078104653591,0.0047753369988,0.00291965233872,0.0017850823473,0.00109140357034,0.000667286724986,0.000407980682345,0.0002494403544,0.000152508422814,9.32440105179e-05,5.70096086304e-05,0.199471521032,0.244560946333,0.199471521032,0.133129069123,0.0844047718326,0.0526094930294,0.0325490097713,0.0200603530524,0.0123357208006,0.00757485140685,0.00464696844252,0.00284887944997,0.00174568482173,0.00106929549351,0.000654796604133,0.000400883456567,0.000245387356251,0.000150183790112,9.19055789306e-05,5.6236369316e-05,0.133129069123,0.149525141178,0.133129069123,0.099472219257,0.067865874231,0.0443083726138,0.0282745883189,0.0178104137703,0.0111300703006,0.00691939689203,0.00428640623377,0.00264859509274,0.00163352020717,0.00100604441147,0.000618916382417,0.000380425019177,0.000233669755788,0.000143445934589,8.80175638641e-05,5.39857892645e-05,0.0844047718326,0.0914200250678,0.0844047718326,0.067865874231,0.0496046871891,0.0341739803869,0.0227061591265,0.0147468310011,0.00943573596061,0.00597637803329,0.00375820977632,0.00235098348467,0.00146492120439,0.000910064906397,0.000564037707504,0.000348923207773,0.000215522868885,0.00013295890464,8.19396489017e-05,5.04540152013e-05,0.0526094930294,0.0558944196109,0.0526094930294,0.0443083726138,0.0341739803869,0.0247368060098,0.0171350731146,0.0115144422128,0.00757485140685,0.00490807970922,0.00314503968534,0.0019986308615,0.00126206868864,0.000793027096673,0.000496357451638,0.00030969616224,0.000192736867057,0.000119695133374,7.42033443586e-05,4.59331960022e-05,0.0325490097713,0.0341739803869,0.0325490097713,0.0282745883189,0.0227061591265,0.0171350731146,0.0123357208006,0.00857474887202,0.00580732769438,0.00385721658014,0.0025244280387,0.00163352020717,0.00104770905502,0.000667286724986,0.000422611278725,0.000266430654745,0.00016733817788,0.000104773089139,6.54284784461e-05,4.07681571016e-05,0.0200603530524,0.0208940524585,0.0200603530524,0.0178104137703,0.0147468310011,0.0115144422128,0.00857474887202,0.00615156247781,0.00428640623377,0.00291965233872,0.00195359421764,0.0012889241557,0.000840903993334,0.000543672561436,0.000348923207773,0.000222582782796,0.000141276162026,8.92927359919e-05,5.6236369316e-05,3.5310351807e-05,0.0123357208006,0.0127746731049,0.0123357208006,0.0111300703006,0.00943573596061,0.00757485140685,0.00580732769438,0.00428640623377,0.00306765381043,0.00214134215407,0.00146492120439,0.000985938976915,0.000654796604133,0.000430151461744,0.000280038440279,0.000180946555029,0.000116183485192,7.42033443586e-05,4.71771601879e-05,2.98779733453e-05,0.00757485140685,0.0078104653591,0.00757485140685,0.00691939689203,0.00597637803329,0.00490807970922,0.00385721658014,0.00291965233872,0.00214134215407,0.00152977392891,0.00106929549351,0.000734026826606,0.000496357451638,0.000331455948683,0.000219020594681,0.000143445934589,9.32440105179e-05,6.02231160801e-05,3.86821814318e-05,2.4728186556e-05,0.00464696844252,0.0047753369988,0.00464696844252,0.00428640623377,0.00375820977632,0.00314503968534,0.0025244280387,0.00195359421764,0.00146492120439,0.00106929549351,0.000762865831089,0.000533808304903,0.000367449534282,0.0002494403544,0.00016733817788,0.000111130798601,7.31662924531e-05,4.78131367312e-05,3.10441649917e-05,2.00436184585e-05,0.00284887944997,0.00291965233872,0.00284887944997,0.00264859509274,0.00235098348467,0.0019986308615,0.00163352020717,0.0012889241557,0.000985938976915,0.000734026826606,0.000533808304903,0.000380425019177,0.000266430654745,0.000183815795546,0.000125188405731,8.43126373749e-05,5.6236369316e-05,3.71952993653e-05,2.44214788989e-05,1.59318423065e-05,0.00174568482173,0.0017850823473,0.00174568482173,0.00163352020717,0.00146492120439,0.00126206868864,0.00104770905502,0.000840903993334,0.000654796604133,0.000496357451638,0.000367449534282,0.000266430654745,0.000189709893034,0.00013295890464,9.19055789306e-05,6.27657077393e-05,4.24145222343e-05,2.83976901561e-05,1.88587899261e-05,1.24344202795e-05,0.00106929549351,0.00109140357034,0.00106929549351,0.00100604441147,0.000910064906397,0.000793027096673,0.000667286724986,0.000543672561436,0.000430151461744,0.000331455948683,0.0002494403544,0.000183815795546,0.00013295890464,9.4604302296e-05,6.63438633692e-05,4.59331960022e-05,3.14440083549e-05,2.13109244474e-05,1.43157885001e-05,9.54132591802e-06,0.000654796604133,0.000667286724986,0.000654796604133,0.000618916382417,0.000564037707504,0.000496357451638,0.000422611278725,0.000348923207773,0.000280038440279,0.000219020594681,0.00016733817788,0.000125188405731,9.19055789306e-05,6.63438633692e-05,4.71771601879e-05,3.31013154808e-05,2.29495578696e-05,1.57427507122e-05,1.06969646435e-05,7.20695835123e-06,0.000400883456567,0.000407980682345,0.000400883456567,0.000380425019177,0.000348923207773,0.00030969616224,0.000266430654745,0.000222582782796,0.000180946555029,0.000143445934589,0.000111130798601,8.43126373749e-05,6.27657077393e-05,4.59331960022e-05,3.31013154808e-05,2.35262497516e-05,1.65142531943e-05,1.1463365552e-05,7.87776140368e-06,5.36498533765e-06,0.000245387356251,0.0002494403544,0.000245387356251,0.000233669755788,0.000215522868885,0.000192736867057,0.00016733817788,0.000141276162026,0.000116183485192,9.32440105179e-05,7.31662924531e-05,5.6236369316e-05,4.24145222343e-05,3.14440083549e-05,2.29495578696e-05,1.65142531943e-05,1.17320420553e-05,8.23849287732e-06,5.72480405192e-06,3.94043571379e-06,0.000150183790112,0.000152508422814,0.000150183790112,0.000143445934589,0.00013295890464,0.000119695133374,0.000104773089139,8.92927359919e-05,7.42033443586e-05,6.02231160801e-05,4.78131367312e-05,3.71952993653e-05,2.83976901561e-05,2.13109244474e-05,1.57427507122e-05,1.1463365552e-05,8.23849287732e-06,5.85052068397e-06,4.10975812594e-06,2.85848213111e-06,9.19055789306e-05,9.32440105179e-05,9.19055789306e-05,8.80175638641e-05,8.19396489017e-05,7.42033443586e-05,6.54284784461e-05,5.6236369316e-05,4.71771601879e-05,3.86821814318e-05,3.10441649917e-05,2.44214788989e-05,1.88587899261e-05,1.43157885001e-05,1.06969646435e-05,7.87776140368e-06,5.72480405192e-06,4.10975812594e-06,2.91753064915e-06,2.05006626578e-06,5.6236369316e-05,5.70096086304e-05,5.6236369316e-05,5.39857892645e-05,5.04540152013e-05,4.59331960022e-05,4.07681571016e-05,3.5310351807e-05,2.98779733453e-05,2.4728186556e-05,2.00436184585e-05,1.59318423065e-05,1.24344202795e-05,9.54132591802e-06,7.20695835123e-06,5.36498533765e-06,3.94043571379e-06,2.85848213111e-06,2.05006626578e-06,1.45491069061e-06,3.44077356138e-05,3.48558095918e-05,3.44077356138e-05,3.31013154808e-05,3.10441649917e-05,2.83976901561e-05,2.53544317066e-05,2.21135219479e-05,1.88587899261e-05,1.57427507122e-05,1.2877893686e-05,1.03349549456e-05,8.14664848011e-06,6.31479276783e-06,4.81882066976e-06,3.62408877547e-06,2.68897716211e-06,1.97031485586e-06,1.42708203225e-06,1.02259911175e-06
0.149525141178,0.244560946333,0.4,0.244560946333,0.149525141178,0.0914200250678,0.0558944196109,0.0341739803869,0.0208940524585,0.0127746731049,0.0078104653591,0.0047753369988,0.00291965233872,0.0017850823473,0.00109140357034,0.000667286724986,0.000407980682345,0.0002494403544,0.000152508422814,9.32440105179e-05,0.133129069123,0.199471521032,0.244560946333,0.199471521032,0.133129069123,0.0844047718326,0.0526094930294,0.0325490097713,0.0200603530524,0.0123357208006,0.00757485140685,0.00464696844252,0.00284887944997,0.00174568482173,0.00106929549351,0.000654796604133,0.000400883456567,0.000245387356251,0.000150183790112,9.19055789306e-05,0.099472219257,0.133129069123,0.149525141178,0.133129069123,0.099472219257,0.067865874231,0.0443083726138,0.0282745883189,0.0178104137703,0.0111300703006,0.00691939689203,0.00428640623377,0.00264859509274,0.00163352020717,0.00100604441147,0.000618916382417,0.000380425019177,0.000233669755788,0.000143445934589,8.80175638641e-05,0.067865874231,0.0844047718326,0.0914200250678,0.0844047718326,0.067865874231,0.0496046871891,0.0341739803869,0.0227061591265,0.0147468310011,0.00943573596061,0.00597637803329,0.00375820977632,0.00235098348467,0.00146492120439,0.000910064906397,0.000564037707504,0.000348923207773,0.000215522868885,0.00013295890464,8.19396489017e-05,0.0443083726138,0.0526094930294,0.0558944196109,0.0526094930294,0.0443083726138,0.0341739803869,0.0247368060098,0.0171350731146,0.0115144422128,0.00757485140685,0.00490807970922,0.00314503968534,0.0019986308615,0.00126206868864,0.000793027096673,0.000496357451638,0.00030969616224,0.000192736867057,0.000119695133374,7.42033443586e-05,0.0282745883189,0.0325490097713,0.0341739803869,0.0325490097713,0.0282745883189,0.0227061591265,0.0171350731146,0.0123357208006,0.00857474887202,0.00580732769438,0.00385721658014,0.0025244280387,0.00163352020717,0.00104770905502,0.000667286724986,0.000422611278725,0.000266430654745,0.00016733817788,0.000104773089139,6.54284784461e-05,0.0178104137703,0.0200603530524,0.0208940524585,0.0200603530524,0.0178104137703,0.0147468310011,0.0115144422128,0.00857474887202,0.00615156247781,0.00428640623377,0.00291965233872,0.00195359421764,0.0012889241557,0.000840903993334,0.000543672561436,0.000348923207773,0.000222582782796,0.000141276162026,8.92927359919e-05,5.6236369316e-05,0.0111300703006,0.0123357208006,0.0127746731049,0.0123357208006,0.0111300703006,0.00943573596061,0.00757485140685,0.00580732769438,0.00428640623377,0.00306765381043,0.00214134215407,0.00146492120439,0.000985938976915,0.000654796604133,0.000430151461744,0.000280038440279,0.000180946555029,0.000116183485192,7.42033443586e-05,4.71771601879e-05,0.00691939689203,0.00757485140685,0.0078104653591,0.00757485140685,0.00691939689203,0.00597637803329,0.00490807970922,0.00385721658014,0.00291965233872,0.00214134215407,0.00152977392891,0.00106929549351,0.000734026826606,0.000496357451638,0.000331455948683,0.000219020594681,0.000143445934589,9.32440105179e-05,6.02231160801e-05,3.86821814318e-05,0.00428640623377,0.00464696844252,0.0047753369988,0.00464696844252,0.00428640623377,0.00375820977632,0.00314503968534,0.0025244280387,0.00195359421764,0.00146492120439,0.00106929549351,0.000762865831089,0.000533808304903,0.000367449534282,0.0002494403544,0.00016733817788,0.000111130798601,7.31662924531e-05,4.78131367312e-05,3.10441649917e-05,0.00264859509274,0.00284887944997,0.00291965233872,0.00284887944997,0.00264859509274,0.00235098348467,0.0019986308615,0.00163352020717,0.0012889241557,0.000985938976915,0.000734026826606,0.000533808304903,0.000380425019177,0.000266430654745,0.000183815795546,0.000125188405731,8.43126373749e-05,5.6236369316e-05,3.71952993653e-05,2.44214788989e-05,0.00163352020717,0.00174568482173,0.0017850823473,0.00174568482173,0.00163352020717,0.00146492120439,0.00126206868864,0.00104770905502,0.000840903993334,0.000654796604133,0.000496357451638,0.000367449534282,0.000266430654745,0.000189709893034,0.00013295890464,9.19055789306e-05,6.27657077393e-05,4.24145222343e-05,2.83976901561e-05,1.88587899261e-05,0.00100604441147,0.00106929549351,0.00109140357034,0.00106929549351,0.00100604441147,0.000910064906397,0.000793027096673,0.000667286724986,0.000543672561436,0.000430151461744,0.000331455948683,0.0002494403544,0.000183815795546,0.00013295890464,9.4604302296e-05,6.63438633692e-05,4.59331960022e-05,3.14440083549e-05,2.13109244474e-05,1.43157885001e-05,0.000618916382417,0.000654796604133,0.000667286724986,0.000654796604133,0.000618916382417,0.000564037707504,0.000496357451638,0.000422611278725,0.000348923207773,0.000280038440279,0.000219020594681,0.00016733817788,0.000125188405731,9.19055789306e-05,6.63438633692e-05,4.71771601879e-05,3.31013154808e-05,2.29495578696e-05,1.57427507122e-05,1.06969646435e-05,0.000380425019177,0.000400883456567,0.000407980682345,0.000400883456567,0.000380425019177,0.000348923207773,0.00030969616224,0.000266430654745,0.000222582782796,0.000180946555029,0.000143445934589,0.000111130798601,8.43126373749e-05,6.27657077393e-05,4.59331960022e-05,3.31013154808e-05,2.35262497516e-05,1.65142531943e-05,1.1463365552e-05,7.87776140368e-06,0.000233669755788,0.000245387356251,0.0002494403544,0.000245387356251,0.000233669755788,0.000215522868885,0.000192736867057,0.00016733817788,0.000141276162026,0.000116183485192,9.32440105179e-05,7.31662924531e-05,5.6236369316e-05,4.24145222343e-05,3.14440083549e-05,2.29495578696e-05,1.65142531943e-05,1.17320420553e-05,8.23849287732e-06,5.72480405192e-06,0.000143445934589,0.000150183790112,0.000152508422814,0.000150183790112,0.000143445934589,0.00013295890464,0.000119695133374,0.000104773089139,8.92927359919e-05,7.42033443586e-05,6.02231160801e-05,4.78131367312e-05,3.71952993653e-05,2.83976901561e-05,2.13109244474e-05,1.57427507122e-05,1.1463365552e-05,8.23849287732e-06,5.85052068397e-06,4.10975812594e-06,8.80175638641e-05,9.19055789306e-05,9.32440105179e-05,9.19055789306e-05,8.80175638641e-05,8.19396489017e-05,7.42033443586e-05,6.54284784461e-05,5.6236369316e-05,4.71771601879e-05,3.86821814318e-05,3.10441649917e-05,2.44214788989e-05,1.88587899261e-05,1.43157885001e-05,1.06969646435e-05,7.87776140368e-06,5.72480405192e-06,4.10975812594e-06,2.91753064915e-06,5.39857892645e-05,5.6236369316e-05,5.70096086304e-05,5.6236369316e-05,5.39857892645e-05,5.04540152013e-05,4.59331960022e-05,4.07681571016e-05,3.5310351807e-05,2.98779733453e-05,2.4728186556e-05,2.00436184585e-05,1.59318423065e-05,1.24344202795e-05,9.54132591802e-06,7.20695835123e-06,5.36498533765e-06,3.94043571379e-06,2.85848213111e-06,2.05006626578e-06,3.31013154808e-05,3.44077356138e-05,3.48558095918e-05,3.44077356138e-05,3.31013154808e-05,3.10441649917e-05,2.83976901561e-05,2.53544317066e-05,2.21135219479e-05,1.88587899261e-05,1.57427507122e-05,1.2877893686e-05,1.03349549456e-05,8.14664848011e-06,6.31479276783e-06,4.81882066976e-06,3.62408877547e-06,2.68897716211e-06,1.97031485586e-06,1.42708203225e-06
0.0914200250678,0.149525141178,0.244560946333,0.4,0.244560946333,0.149525141178,0.0914200250678,0.0558944196109,0.0341739803869,0.0208940524585,0.0127746731049,0.0078104653591,0.0047753369988,0.00291965233872,0.0017850823473,0.00109140357034,0.000667286724986,0.000407980682345,0.0002494403544,0.000152508422814,0.0844047718326,0.133129069123,0.199471521032,0.244560946333,0.199471521032,0.133129069123,0.0844047718326,0.0526094930294,0.0325490097713,0.0200603530524,0.0123357208006,0.00757485140685,0.00464696844252,0.00284887944997,0.00174568482173,0.00106929549351,0.000654796604133,0.000400883456567,0.000245387356251,0.000150183790112,0.067865874231,0.099472219257,0.133129069123,0.149525141178,0.133129069123,0.099472219257,0.067865874231,0.0443083726138,0.0282745883189,0.0178104137703,0.0111300703006,0.00691939689203,0.00428640623377,0.00264859509274,0.00163352020717,0.00100604441147,0.000618916382417,0.000380425019177,0.000233669755788,0.000143445934589,0.0496046871891,0.067865874231,0.0844047718326,0.0914200250678,0.0844047718326,0.067865874231,0.0496046871891,0.0341739803869,0.0227061591265,0.0147468310011,0.00943573596061,0.00597637803329,0.00375820977632,0.00235098348467,0.00146492120439,0.000910064906397,0.000564037707504,0.000348923207773,0.000215522868885,0.00013295890464,0.0341739803869,0.0443083726138,0.0526094930294,0.0558944196109,0.0526094930294,0.0443083726138,0.0341739803869,0.0247368060098,0.0171350731146,0.0115144422128,0.00757485140685,0.00490807970922,0.00314503968534,0.0019986308615,0.00126206868864,0.000793027096673,0.000496357451638,0.00030969616224,0.000192736867057,0.000119695133374,0.0227061591265,0.0282745883189,0.0325490097713,0.0341739803869,0.0325490097713,0.0282745883189,0.0227061591265,0.0171350731146,0.0123357208006,0.00857474887202,0.00580732769438,0.00385721658014,0.0025244280387,0.00163352020717,0.00104770905502,0.000667286724986,0.000422611278725,0.000266430654745,0.00016733817788,0.000104773089139,0.0147468310011,0.0178104137703,0.0200603530524,0.0208940524585,0.0200603530524,0.0178104137703,0.0147468310011,0.0115144422128,0.00857474887202,0.00615156247781,0.00428640623377,0.00291965233872,0.00195359421764,0.0012889241557,0.000840903993334,0.000543672561436,0.000348923207773,0.000222582782796,0.000141276162026,8.92927359919e-05,0.00943573596061,0.0111300703006,0.0123357208006,0.0127746731049,0.0123357208006,0.0111300703006,0.00943573596061,0.00757485140685,0.00580732769438,0.00428640623377,0.00306765381043,0.00214134215407,0.00146492120439,0.000985938976915,0.000654796604133,0.000430151461744,0.000280038440279,0.000180946555029,0.000116183485192,7.42033443586e-05,0.00597637803329,0.00691939689203,0.00757485140685,0.0078104653591,0.00757485140685,0.00691939689203,0.00597637803329,0.00490807970922,0.00385721658014,0.00291965233872,0.00214134215407,0.00152977392891,0.00106929549351,0.000734026826606,0.000496357451638,0.000331455948683,0.000219020594681,0.000143445934589,9.32440105179e-05,6.02231160801e-05,0.00375820977632,0.00428640623377,0.00464696844252,0.0047753369988,0.00464696844252,0.00428640623377,0.00375820977632,0.00314503968534,0.0025244280387,0.00195359421764,0.00146492120439,0.00106929549351,0.000762865831089,0.000533808304903,0.000367449534282,0.0002494403544,0.00016733817788,0.000111130798601,7.31662924531e-05,4.78131367312e-05,0.00235098348467,0.00264859509274,0.00284887944997,0.00291965233872,0.00284887944997,0.00264859509274,0.00235098348467,0.0019986308615,0.00163352020717,0.0012889241557,0.000985938976915,0.000734026826606,0.000533808304903,0.000380425019177,0.000266430654745,0.000183815795546,0.000125188405731,8.43126373749e-05,5.6236369316e-05,3.71952993653e-05,0.00146492120439,0.00163352020717,0.00174568482173,0.0017850823473,0.00174568482173,0.00163352020717,0.00146492120439,0.00126206868864,0.00104770905502,0.000840903993334,0.000654796604133,0.000496357451638,0.000367449534282,0.000266430654745,0.000189709893034,0.00013295890464,9.19055789306e-05,6.27657077393e-05,4.24145222343e-05,2.83976901561e-05,0.000910064906397,0.00100604441147,0.00106929549351,0.00109140357034,0.00106929549351,0.00100604441147,0.000910064906397,0.000793027096673,0.000667286724986,0.000543672561436,0.000430151461744,0.000331455948683,0.0002494403544,0.000183815795546,0.00013295890464,9.4604302296e-05,6.63438633692e-05,4.59331960022e-05,3.14440083549e-05,2.13109244474e-05,0.000564037707504,0.000618916382417,0.000654796604133,0.000667286724986,0.000654796604133,0.000618916382417,0.000564037707504,0.000496357451638,0.000422611278725,0.000348923207773,0.000280038440279,0.000219020594681,0.00016733817788,0.000125188405731,9.19055789306e-05,6.63438633692e-05,4.71771601879e-05,3.31013154808e-05,2.29495578696e-05,1.57427507122e-05,0.000348923207773,0.000380425019177,0.000400883456567,0.000407980682345,0.000400883456567,0.000380425019177,0.000348923207773,0.00030969616224,0.000266430654745,0.000222582782796,0.000180946555029,0.000143445934589,0.000111130798601,8.43126373749e-05,6.27657077393e-05,4.59331960022e-05,3.31013154808e-05,2.35262497516e-05,1.65142531943e-05,1.1463365552e-05,0.000215522868885,0.000233669755788,0.000245387356251,0.0002494403544,0.000245387356251,0.000233669755788,0.000215522868885,0.000192736867057,0.00016733817788,0.000141276162026,0.000116183485192,9.32440105179e-05,7.31662924531e-05,5.6236369316e-05,4.24145222343e-05,3.14440083549e-05,2.29495578696e-05,1.65142531943e-05,1.17320420553e-05,8.23849287732e-06,0.00013295890464,0.000143445934589,0.000150183790112,0.000152508422814,0.000150183790112,0.000143445934589,0.00013295890464,0.000119695133374,0.000104773089139,8.92927359919e-05,7.42033443586e-05,6.02231160801e-05,4.78131367312e-05,3.71952993653e-05,2.83976901561e-05,2.13109244474e-05,1.57427507122e-05,1.1463365552e-05,8.23849287732e-06,5.85052068397e-06,8.19396489017e-05,8.80175638641e-05,9.19055789306e-05,9.32440105179e-05,9.19055789306e-05,8.80175638641e-05,8.19396489017e-05,7.42033443586e-05,6.54284784461e-05,5.6236369316e-05,4.71771601879e-05,3.86821814318e-05,3.10441649917e-05,2.44214788989e-05,1.88587899261e-05,1.43157885001e-05,1.06969646435e-05,7.87776140368e-06,5.72480405192e-06,4.10975812594e-06,5.04540152013e-05,5.39857892645e-05,5.6236369316e-05,5.70096086304e-05,5.6236369316e-05,5.39857892645e-05,5.04540152013e-05,4.59331960022e-05,4.07681571016e-05,3.5310351807e-05,2.98779733453e-05,2.4728186556e-05,2.00436184585e-05,1.59318423065e-05,1.24344202795e-05,9.54132591802e-06,7.20695835123e-06,5.36498533765e-06,3.94043571379e-06,2.85848213111e-06,3.10441649917e-05,3.31013154808e-05,3.44077356138e-05,3.48558095918e-05,3.44077356138e-05,3.31013154808e-05,3.10441649917e-05,2.83976901561e-05,2.53544317066e-05,2.21135219479e-05,1.88587899261e-05,1.57427507122e-05,1.2877893686e-05,1.03349549456e-05,8.14664848011e-06,6.31479276783e-06,4.81882066976e-06,3.62408877547e-06,2.68897716211e-06,1.97031485586e-06
0.0558944196109,0.0914200250678,0.149525141178,0.244560946333,0.4,0.244560946333,0.149525141178,0.0914200250678,0.0558944196109,0.0341739803869,0.0208940524585,0.0127746731049,0.0078104653591,0.0047753369988,0.00291965233872,0.0017850823473,0.00109140357034,0.000667286724986,0.000407980682345,0.0002494403544,0.0526094930294,0.0844047718326,0.133129069123,0.199471521032,0.244560946333,0.199471521032,0.133129069123,0.0844047718326,0.0526094930294,0.0325490097713,0.0200603530524,0.0123357208006,0.00757485140685,0.00464696844252,0.00284887944997,0.00174568482173,0.00106929549351,0.000654796604133,0.000400883456567,0.000245387356251,0.0443083726138,0.067865874231,0.099472219257,0.133129069123,0.149525141178,0.133129069123,0.099472219257,0.067865874231,0.0443083726138,0.0282745883189,0.0178104137703,0.0111300703006,0.00691939689203,0.00428640623377,0.00264859509274,0.00163352020717,0.00100604441147,0.000618916382417,0.000380425019177,0.000233669755788,0.0341739803869,0.0496046871891,0.067865874231,0.0844047718326,0.0914200250678,0.0844047718326,0.067865874231,0.0496046871891,0.0341739803869,0.0227061591265,0.0147468310011,0.00943573596061,0.00597637803329,0.00375820977632,0.00235098348467,0.00146492120439,0.000910064906397,0.000564037707504,0.000348923207773,0.000215522868885,0.0247368060098,0.0341739803869,0.0443083726138,0.0526094930294,0.0558944196109,0.0526094930294,0.0443083726138,0.0341739803869,0.0247368060098,0.0171350731146,0.0115144422128,0.00757485140685,0.00490807970922,0.00314503968534,0.0019986308615,0.00126206868864,0.000793027096673,0.000496357451638,0.00030969616224,0.000192736867057,0.0171350731146,0.0227061591265,0.0282745883189,0.0325490097713,0.0341739803869,0.0325490097713,0.0282745883189,0.0227061591265,0.0171350731146,0.0123357208006,0.00857474887202,0.00580732769438,0.00385721658014,0.0025244280387,0.00163352020717,0.00104770905502,0.000667286724986,0.000422611278725,0.000266430654745,0.00016733817788,0.0115144422128,0.0147468310011,0.0178104137703,0.0200603530524,0.0208940524585,0.0200603530524,0.0178104137703,0.0147468310011,0.0115144422128,0.00857474887202,0.00615156247781,0.00428640623377,0.00291965233872,0.00195359421764,0.0012889241557,0.000840903993334,0.000543672561436,0.000348923207773,0.000222582782796,0.000141276162026,0.00757485140685,0.00943573596061,0.0111300703006,0.0123357208006,0.0127746731049,0.0123357208006,0.0111300703006,0.00943573596061,0.00757485140685,0.00580732769438,0.00428640623377,0.00306765381043,0.00214134215407,0.00146492120439,0.000985938976915,0.000654796604133,0.000430151461744,0.000280038440279,0.000180946555029,0.000116183485192,0.00490807970922,0.00597637803329,0.00691939689203,0.00757485140685,0.0078104653591,0.00757485140685,0.00691939689203,0.00597637803329,0.00490807970922,0.00385721658014,0.00291965233872,0.00214134215407,0.00152977392891,0.00106929549351,0.000734026826606,0.000496357451638,0.000331455948683,0.000219020594681,0.000143445934589,9.32440105179e-05,0.00314503968534,0.00375820977632,0.00428640623377,0.00464696844252,0.0047753369988,0.00464696844252,0.00428640623377,0.00375820977632,0.00314503968534,0.0025244280387,0.00195359421764,0.00146492120439,0.00106929549351,0.000762865831089,0.000533808304903,0.000367449534282,0.0002494403544,0.00016733817788,0.000111130798601,7.31662924531e-05,0.0019986308615,0.00235098348467,0.00264859509274,0.00284887944997,0.00291965233872,0.00284887944997,0.00264859509274,0.00235098348467,0.0019986308615,0.00163352020717,0.0012889241557,0.000985938976915,0.000734026826606,0.000533808304903,0.000380425019177,0.000266430654745,0.000183815795546,0.000125188405731,8.43126373749e-05,5.6236369316e-05,0.00126206868864,0.00146492120439,0.00163352020717,0.00174568482173,0.0017850823473,0.00174568482173,0.00163352020717,0.00146492120439,0.00126206868864,0.00104770905502,0.000840903993334,0.000654796604133,0.000496357451638,0.000367449534282,0.000266430654745,0.000189709893034,0.00013295890464,9.19055789306e-05,6.27657077393e-05,4.24145222343e-05,0.000793027096673,0.000910064906397,0.00100604441147,0.00106929549351,0.00109140357034,0.00106929549351,0.00100604441147,0.000910064906397,0.000793027096673,0.000667286724986,0.000543672561436,0.000430151461744,0.000331455948683,0.0002494403544,0.000183815795546,0.00013295890464,9.4604302296e-05,6.63438633692e-05,4.59331960022e-05,3.14440083549e-05,0.000496357451638,0.000564037707504,0.000618916382417,0.000654796604133,0.000667286724986,0.000654796604133,0.000618916382417,0.000564037707504,0.000496357451638,0.000422611278725,0.000348923207773,0.000280038440279,0.000219020594681,0.00016733817788,0.000125188405731,9.19055789306e-05,6.63438633692e-05,4.71771601879e-05,3.31013154808e-05,2.29495578696e-05,0.00030969616224,0.000348923207773,0.000380425019177,0.000400883456567,0.000407980682345,0.000400883456567,0.000380425019177,0.000348923207773,0.00030969616224,0.000266430654745,0.000222582782796,0.000180946555029,0.000143445934589,0.000111130798601,8.43126373749e-05,6.27657077393e-05,4.59331960022e-05,3.31013154808e-05,2.35262497516e-05,1.65142531943e-05,0.000192736867057,0.000215522868885,0.000233669755788,0.000245387356251,0.0002494403544,0.000245387356251,0.000233669755788,0.000215522868885,0.000192736867057,0.00016733817788,0.000141276162026,0.000116183485192,9.32440105179e-05,7.31662924531e-05,5.6236369316e-05,4.24145222343e-05,3.14440083549e-05,2.29495578696e-05,1.65142531943e-05,1.17320420553e-05,0.000119695133374,0.00013295890464,0.000143445934589,0.000150183790112,0.000152508422814,0.000150183790112,0.000143445934589,0.00013295890464,0.000119695133374,0.000104773089139,8.92927359919e-05,7.42033443586e-05,6.02231160801e-05,4.78131367312e-05,3.71952993653e-05,2.83976901561e-05,2.13109244474e-05,1.57427507122e-05,1.1463365552e-05,8.23849287732e-06,7.42033443586e-05,8.19396489017e-05,8.80175638641e-05,9.19055789306e-05,9.32440105179e-05,9.19055789306e-05,8.80175638641e-05,8.19396489017e-05,7.42033443586e-05,6.54284784461e-05,5.6236369316e-05,4.71771601879e-05,3.86821814318e-05,3.10441649917e-05,2.44214788989e-05,1.88587899261e-05,1.43157885001e-05,1.06969646435e-05,7.87776140368e-06,5.72480405192e-06,4.59331960022e-05,5.04540152013e-05,5.39857892645e-05,5.6236369316e-05,5.70096086304e-05,5.6236369316e-05,5.39857892645e-05,5.04540152013e-05,4.59331960022e-05,4.07681571016e-05,3.5310351807e-05,2.98779733453e-05,2.4728186556e-05,2.00436184585e-05,1.59318423065e-05,1.24344202795e-05,9.54132591802e-06,7.20695835123e-06,5.36498533765e-06,3.94043571379e-06,2.83976901561e-05,3.10441649917e-05,3.31013154808e-05,3.44077356138e-05,3.48558095918e-05,3.44077356138e-05,3.31013154808e-05,3.10441649917e-05,2.83976901561e-05,2.53544317066e-05,2.21135219479e-05,1.88587899261e-05,1.57427507122e-05,1.2877893686e-05,1.03349549456e-05,8.14664848011e-06,6.31479276783e-06,4.81882066976e-06,3.62408877547e-06,2.68897716211e-06
